0,479
0,278
93,35
55,1
55,3
57,1
57,3
54,1
54,3
56,1
56,3
10,311
10,165
10,307
10,131
10,109
10,237
10,153
10,299
11,29
11,27
11,13
11,7
8,12
8,15
8,16
2,2
2,1
2,3
36,2
20,3
20,2
20,1
19,3
19,2
19,1
18,3
18,1
12,3
12,2
12,1
11,25
11,23
11,20
11,18
11,17
11,16
11,14
11,10
11,9
11,6
11,5
11,4
11,3
11,2
11,1
10,296
10,290
10,256
10,246
10,245
10,240
10,195
10,168
10,142
10,87
10,79
10,75
10,72
10,33
10,31
10,7
10,3
10,2
10,1
9,7
9,6
9,5
9,4
9,3
9,2
9,1
8,18
8,17
8,14
8,11
8,8
8,5
8,4
8,3
8,2
8,1
3,3
3,2
3,1
0,243
93,34
93,33
93,32
93,31
93,30
