152,3
152,2
152,1
152,0
151,4
151,3
151,2
151,1
151,0
150,3
150,2
150,1
150,0
149,5
149,4
149,3
149,2
149,1
149,0
148,4
148,3
148,2
148,1
148,0
147,4
147,3
147,2
147,1
147,0
146,4
146,3
146,2
146,1
146,0
145,3
145,2
145,1
145,0
0,527
0,526
144,4
144,3
144,2
0,525
144,1
144,0
143,3
143,2
143,1
143,0
142,5
142,4
142,3
142,2
142,1
142,0
141,4
141,3
141,2
141,1
141,0
140,4
140,3
140,2
140,1
140,0
139,4
139,3
139,2
139,1
139,0
138,3
138,2
138,1
138,0
137,4
137,3
137,2
137,1
137,0
136,3
136,2
136,1
136,0
0,524
0,523
135,5
135,4
135,3
135,2
0,522
135,1
135,0
134,4
134,3
134,2
0,521
134,1
134,0
133,4
133,3
133,2
133,1
133,0
132,4
132,3
132,2
132,1
132,0
131,3
131,2
131,1
131,0
130,5
130,4
130,3
130,2
0,520
130,1
130,0
0,519
0,518
129,3
129,2
129,1
129,0
128,5
0,517
0,516
128,4
128,3
128,2
128,1
128,0
127,4
127,3
127,2
127,1
127,0
0,515
126,4
0,514
126,3
126,2
0,513
126,1
126,0
0,512
125,4
125,3
125,2
125,1
125,0
0,511
0,510
124,3
124,2
124,1
124,0
123,4
123,3
123,2
123,1
123,0
122,3
122,2
122,1
122,0
121,5
121,4
121,3
121,2
121,1
121,0
120,4
120,3
120,2
120,1
120,0
0,509
119,4
0,508
119,3
119,2
119,1
